0:
..#
.##
###

1:
##.
.##
..#

2:
##.
.##
###

3:
###
#.#
#.#

4:
.##
.##
###

5:
#.#
###
#.#

45x43: 21 39 38 39 38 35
44x38: 40 46 38 44 44 46
42x40: 29 38 26 35 27 26
42x41: 36 29 26 31 28 31
35x42: 30 23 28 22 27 24
36x42: 44 40 41 37 33 39
44x35: 37 43 41 38 35 44
38x47: 23 38 22 12 37 47
41x36: 21 36 27 25 23 23
45x39: 46 51 52 38 44 41
49x50: 39 42 38 42 49 46
42x36: 31 33 23 26 21 34
40x48: 42 51 41 53 53 55
47x49: 39 41 45 43 40 31
49x37: 54 45 33 48 52 48
39x50: 32 32 33 39 37 35
40x36: 32 24 26 20 28 26
40x35: 22 18 21 28 29 24
43x41: 33 29 38 30 26 26
42x37: 34 42 39 47 39 38
41x49: 50 48 55 53 48 54
48x43: 57 52 46 48 60 55
41x50: 39 22 33 40 34 39
46x36: 31 32 32 33 24 28
43x45: 36 28 37 29 38 42
38x45: 32 30 25 24 38 30
46x48: 49 34 36 35 41 45
38x50: 45 49 43 58 57 40
43x35: 31 43 45 35 31 47
41x46: 27 29 37 36 33 32
46x40: 49 42 42 47 54 48
39x41: 28 28 38 19 30 26
45x47: 69 59 51 33 54 63
38x41: 41 33 46 38 37 43
44x35: 18 32 20 28 26 30
46x48: 50 49 57 58 58 65
47x43: 44 55 56 48 53 55
37x38: 30 37 42 34 34 39
35x36: 25 16 29 24 19 19
50x43: 61 55 51 60 53 52
38x46: 26 23 33 31 33 34
48x45: 33 41 42 48 35 41
42x45: 44 31 36 29 34 35
50x47: 45 51 44 34 34 31
36x40: 32 23 26 21 28 25
45x39: 62 39 41 51 39 39
50x36: 29 35 24 32 40 32
43x50: 51 50 59 50 53 66
49x44: 44 51 57 54 61 62
40x44: 29 36 31 28 24 34
41x38: 29 53 42 48 35 35
42x38: 25 32 23 36 25 27
40x42: 44 47 44 49 43 33
44x49: 54 59 55 49 55 61
47x38: 53 46 52 42 38 45
43x43: 42 55 46 41 43 59
46x43: 53 54 53 50 49 47
41x36: 26 31 27 23 25 23
44x50: 33 40 31 43 36 40
35x35: 33 28 32 30 29 36
46x50: 80 58 50 58 55 56
43x46: 30 35 36 31 42 35
38x46: 36 35 30 23 32 23
47x41: 53 41 48 48 49 56
43x39: 22 25 26 39 35 35
46x36: 39 48 41 45 37 46
43x39: 42 46 42 51 37 41
46x46: 40 45 34 40 28 37
39x39: 39 48 36 43 30 41
50x46: 35 45 37 41 39 43
44x43: 41 41 45 55 51 55
48x41: 27 38 36 26 42 38
42x48: 50 37 49 50 63 57
36x38: 36 46 33 24 34 41
46x48: 57 46 59 60 56 59
45x39: 28 27 34 39 27 39
38x45: 26 26 29 34 28 36
37x48: 37 45 51 48 42 49
47x39: 42 41 46 55 46 50
46x44: 37 35 39 32 27 40
38x39: 30 51 44 30 36 40
40x37: 38 42 37 39 34 39
40x46: 39 32 31 27 29 36
37x49: 50 41 47 50 47 43
42x40: 35 45 44 47 46 41
38x38: 32 41 39 38 35 38
46x42: 41 55 62 44 41 55
50x41: 37 37 34 41 24 35
41x43: 53 54 43 43 48 34
39x42: 31 32 34 42 21 22
42x50: 44 33 25 45 35 41
46x44: 50 51 46 47 55 62
36x36: 20 25 27 23 24 25
50x40: 43 33 39 27 31 35
45x42: 43 40 53 53 51 48
45x48: 70 46 54 57 55 50
45x50: 42 38 45 40 38 37
38x35: 41 28 39 35 34 27
46x46: 45 36 36 31 30 46
46x42: 33 37 31 38 36 35
41x37: 47 39 25 41 37 46
36x41: 30 23 26 25 27 25
40x46: 65 55 35 47 44 42
40x38: 28 24 26 29 24 25
47x49: 68 73 52 49 62 56
48x48: 53 77 53 67 58 51
37x41: 29 21 34 19 27 26
43x50: 38 36 34 52 31 32
49x45: 62 45 60 54 65 51
36x39: 37 35 34 45 29 36
36x36: 38 35 31 44 27 26
40x35: 33 35 37 31 37 42
40x36: 32 32 21 26 25 19
36x42: 36 23 24 22 27 35
42x48: 37 44 35 44 31 33
42x44: 39 53 45 41 52 55
44x43: 31 35 36 41 24 28
46x46: 51 53 54 51 57 59
46x48: 35 48 36 38 43 39
40x35: 34 31 36 28 41 44
43x38: 45 48 48 40 31 42
37x40: 40 37 29 37 45 40
43x42: 37 24 31 30 35 39
47x37: 23 23 44 25 26 39
42x46: 48 49 53 49 47 51
40x47: 35 33 38 29 24 35
41x44: 43 41 49 37 53 53
39x47: 24 41 33 30 35 31
39x36: 31 34 32 38 43 37
38x50: 44 49 48 49 49 53
47x36: 20 39 37 33 18 32
40x40: 24 21 33 22 24 44
42x36: 32 39 52 34 32 43
49x36: 38 30 31 35 29 28
50x42: 54 46 55 60 59 47
46x41: 32 37 23 32 34 37
40x49: 41 21 35 44 35 32
40x44: 55 44 44 36 49 44
45x41: 46 48 58 44 37 51
44x50: 52 53 55 55 62 60
42x40: 41 48 44 44 35 48
45x42: 29 32 31 49 33 35
43x38: 42 39 42 44 43 41
44x42: 24 36 39 32 32 32
38x40: 28 40 51 28 42 44
46x45: 37 42 41 34 37 34
46x35: 44 40 45 45 41 33
42x38: 50 34 42 43 38 38
48x40: 57 50 52 42 50 46
45x40: 39 39 45 44 56 51
42x42: 32 36 32 31 37 27
48x42: 61 42 46 67 40 53
43x43: 41 29 34 26 32 33
45x48: 55 50 54 54 60 58
35x48: 31 23 29 29 31 32
37x41: 24 17 27 33 31 23
42x42: 33 25 32 42 33 30
47x47: 37 30 34 41 34 48
41x36: 27 24 27 23 22 33
44x49: 49 55 69 60 50 48
46x38: 22 21 30 24 39 43
42x48: 59 60 53 48 49 45
44x43: 40 55 46 46 52 53
43x46: 31 28 34 42 30 44
48x40: 29 35 33 36 33 41
44x42: 32 26 39 36 35 27
47x43: 61 54 49 53 43 53
49x48: 39 45 54 37 34 46
48x50: 53 50 66 49 64 83
46x45: 63 45 57 38 52 63
46x44: 56 44 60 55 45 50
35x50: 54 39 50 42 41 43
38x47: 59 35 51 43 41 45
44x46: 42 40 24 39 33 32
46x42: 36 35 29 36 43 30
45x45: 60 52 54 51 51 45
35x35: 17 10 18 24 27 24
50x41: 73 36 52 49 51 53
41x41: 33 26 30 26 29 25
37x49: 23 33 30 34 37 34
45x50: 60 58 56 53 62 58
50x37: 49 54 46 51 39 48
40x41: 26 26 27 28 28 34
50x35: 39 35 45 55 45 47
41x47: 43 46 52 53 48 53
49x45: 51 58 56 50 58 66
40x45: 43 51 35 52 51 46
38x47: 50 40 63 36 42 43
47x44: 30 37 36 33 34 39
41x42: 24 26 28 34 39 30
49x44: 60 56 58 47 60 52
36x42: 28 30 26 27 30 27
45x43: 53 52 42 51 38 63
43x46: 31 29 29 43 44 34
46x40: 34 34 28 39 23 36
38x39: 35 45 40 30 41 39
45x49: 36 42 34 36 41 51
50x48: 41 49 40 47 35 44
38x47: 28 31 26 37 22 36
36x40: 22 25 30 29 23 27
37x50: 31 34 36 34 34 23
49x35: 35 32 25 28 24 31
45x41: 52 37 52 47 53 41
47x47: 32 38 41 35 41 38
37x39: 32 28 21 31 27 17
38x48: 47 47 48 42 48 49
39x45: 48 43 39 53 44 43
41x49: 48 36 27 37 33 26
43x48: 42 32 41 39 34 35
41x42: 44 44 39 51 41 46
42x45: 45 57 48 54 41 48
44x42: 30 39 29 34 34 29
45x46: 53 54 51 62 48 51
40x43: 38 34 51 40 62 36
50x46: 54 40 41 35 35 35
40x37: 34 40 29 49 37 39
36x48: 48 45 43 35 51 45
45x35: 42 41 39 31 42 48
39x50: 55 46 43 58 47 51
46x49: 58 65 57 67 43 59
41x39: 28 26 18 20 38 39
36x41: 34 53 38 35 33 38
42x38: 28 32 22 32 25 28
39x42: 42 44 47 48 29 43
36x50: 35 29 41 26 33 27
35x49: 48 45 45 42 40 45
36x47: 38 41 44 41 45 50
45x41: 53 55 46 45 34 54
35x37: 16 20 21 32 20 22
36x43: 23 25 36 22 30 31
36x40: 22 33 18 24 33 26
46x46: 59 52 49 54 58 54
39x35: 24 24 21 27 17 29
44x38: 32 21 37 22 29 27
36x40: 24 29 19 17 34 33
50x41: 38 34 32 33 40 30
43x49: 37 32 33 38 50 34
47x47: 39 26 44 44 40 31
36x40: 23 25 34 25 25 24
38x40: 38 50 34 26 49 40
37x49: 40 49 40 42 60 48
35x50: 25 23 32 21 36 39
36x37: 29 29 24 23 23 15
39x46: 41 44 43 46 44 57
35x42: 32 50 40 44 32 31
38x49: 62 48 51 34 48 46
35x36: 40 24 31 37 27 34
36x36: 24 18 20 30 24 27
48x46: 36 53 38 41 38 33
38x44: 28 24 27 35 25 28
48x49: 52 54 60 70 58 65
38x38: 30 29 39 41 40 40
40x45: 40 52 44 53 30 59
50x44: 40 38 38 43 35 29
40x40: 33 40 43 37 39 53
48x46: 41 39 45 39 30 46
39x44: 58 50 34 38 51 37
41x44: 44 51 38 46 58 42
38x42: 35 33 29 27 18 26
42x48: 43 34 31 40 34 42
40x48: 36 33 39 29 30 41
43x46: 29 39 32 38 32 39
46x41: 42 46 45 54 51 51
48x47: 46 37 34 36 47 39
45x44: 30 39 28 37 37 39
50x36: 31 38 40 26 27 30
37x48: 34 28 30 23 37 39
44x35: 24 28 17 28 31 26
40x35: 22 23 26 25 18 29
36x38: 31 19 28 21 24 21
40x46: 53 46 44 41 48 52
50x46: 43 47 37 46 26 40
38x50: 26 29 34 37 35 31
38x37: 40 36 30 32 39 40
38x40: 38 25 46 47 32 42
35x49: 45 39 38 48 50 43
47x36: 24 28 29 30 36 33
47x50: 50 46 35 43 36 30
37x38: 17 26 25 20 32 24
40x49: 32 43 32 38 32 31
49x42: 42 34 34 43 27 44
49x44: 53 57 50 63 50 59
50x50: 40 45 50 44 34 42
43x39: 32 29 33 26 32 29
35x46: 29 34 25 32 22 23
44x37: 48 39 45 35 43 41
40x45: 43 61 39 46 55 37
40x43: 46 47 45 41 49 38
50x42: 41 42 34 45 32 29
42x36: 29 21 27 28 32 30
36x35: 23 37 33 39 34 28
44x37: 34 29 31 26 22 26
35x49: 33 29 27 34 21 32
35x36: 33 38 23 37 38 27
45x38: 42 37 41 53 47 41
46x40: 49 42 42 41 52 56
44x48: 70 45 50 59 52 49
44x37: 33 44 32 41 55 45
41x38: 41 39 39 42 43 36
39x44: 47 38 36 46 44 52
36x44: 39 34 52 44 31 42
49x45: 43 43 36 45 37 36
43x45: 36 29 33 37 33 42
49x39: 51 37 50 57 56 40
38x35: 24 33 46 31 36 33
45x49: 34 43 38 31 47 46
41x41: 29 31 29 24 28 27
38x47: 45 46 48 44 52 40
44x42: 38 33 31 26 33 35
45x44: 54 53 54 53 46 46
47x50: 33 39 39 48 34 46
42x46: 45 46 37 62 47 59
49x50: 61 66 63 50 65 73
47x36: 40 33 47 43 40 54
40x42: 39 42 51 38 53 35
40x39: 31 20 32 23 32 30
39x39: 22 32 31 23 29 31
35x39: 33 39 38 32 32 37
42x37: 37 26 46 36 48 42
50x41: 33 29 39 37 40 29
39x38: 43 31 37 31 45 40
35x44: 37 30 45 38 38 46
44x49: 46 64 59 54 55 55
39x39: 42 40 41 23 50 39
47x48: 55 65 57 64 47 61
49x50: 65 65 48 73 64 63
35x47: 28 18 28 31 32 28
48x35: 49 38 47 42 35 47
41x35: 25 27 24 25 22 20
48x38: 51 42 50 47 53 37
37x44: 39 44 33 33 53 49
36x44: 36 27 32 29 19 25
48x38: 30 42 33 31 23 32
37x44: 24 32 33 27 26 26
35x38: 16 21 26 23 22 24
45x49: 34 44 38 45 36 43
35x40: 36 40 43 37 23 38
41x44: 42 52 49 50 45 41
48x47: 63 57 68 55 54 51
43x36: 31 32 38 34 34 66
47x40: 30 25 39 25 36 40
35x39: 39 28 32 46 25 39
43x46: 47 43 48 68 51 45
42x37: 46 43 44 28 31 49
46x49: 55 44 28 23 44 46
46x40: 54 42 42 51 47 47
36x47: 24 28 29 37 21 40
45x44: 53 57 41 47 54 55
36x39: 40 43 36 30 32 38
48x47: 58 60 41 57 71 61
45x46: 47 57 51 58 49 57
50x49: 50 31 52 48 36 38
47x36: 28 38 22 32 33 27
47x41: 51 60 37 39 55 58
44x46: 64 51 53 53 40 52
35x39: 19 19 37 20 26 22
49x42: 65 43 57 52 56 43
36x40: 37 38 32 41 42 32
35x43: 30 40 42 35 38 46
42x50: 51 61 55 56 62 40
43x43: 40 49 45 51 50 49
36x37: 21 31 25 30 21 16
35x39: 36 34 38 36 40 26
36x37: 21 19 27 31 20 26
43x50: 48 59 57 62 45 60
38x48: 49 43 45 35 65 43
39x35: 42 27 43 28 36 33
37x43: 40 37 38 45 44 40
42x47: 44 40 48 57 58 53
40x45: 44 47 52 42 47 45
38x42: 44 43 52 38 32 38
42x40: 36 47 51 40 44 41
38x41: 32 51 39 49 34 37
43x40: 37 30 29 24 28 33
41x48: 52 50 48 53 50 50
43x38: 45 35 37 51 46 36
41x38: 24 32 28 15 25 32
36x44: 23 28 27 29 35 26
35x50: 23 26 32 22 37 36
41x40: 29 24 29 31 26 30
40x39: 25 32 20 32 31 28
36x46: 39 47 43 48 37 42
48x47: 50 32 35 45 34 43
42x50: 34 32 38 39 36 44
39x43: 38 44 50 40 50 36
45x41: 41 36 28 39 19 31
36x43: 46 25 34 51 38 41
48x49: 54 45 44 39 36 37
49x46: 51 38 36 37 45 32
40x41: 36 46 46 28 49 48
45x45: 51 42 46 57 60 53
41x39: 52 38 41 43 44 29
45x45: 53 49 49 48 59 53
42x49: 46 53 38 63 57 59
46x48: 39 39 29 37 55 40
50x42: 55 48 60 57 50 52
39x43: 34 31 30 36 27 23
37x39: 33 21 26 26 24 26
44x44: 33 24 24 46 36 32
39x36: 46 37 30 42 33 30
39x36: 26 19 34 26 27 23
38x40: 46 24 33 52 47 29
40x46: 42 42 59 47 46 45
46x47: 38 39 34 37 36 41
50x35: 41 38 55 46 42 45
37x36: 37 32 37 33 30 36
50x48: 69 60 70 59 53 59
45x38: 22 27 30 32 36 33
46x41: 33 31 27 33 28 42
40x38: 23 31 24 26 30 21
44x35: 55 38 39 26 43 38
37x35: 41 27 31 31 29 40
50x37: 29 33 39 29 29 33
40x43: 27 25 37 31 28 34
50x50: 33 42 54 43 39 44
49x50: 73 61 55 65 63 61
41x49: 38 41 29 32 37 31
40x47: 22 30 28 39 31 44
38x49: 54 31 42 42 55 59
44x41: 51 37 49 49 48 42
38x37: 30 34 34 44 33 40
43x46: 62 50 45 47 54 48
36x44: 18 29 28 38 23 32
48x43: 54 57 53 44 58 53
35x49: 54 35 46 43 46 39
43x37: 35 44 40 47 33 46
42x40: 35 30 29 28 24 35
46x44: 30 35 30 34 37 44
49x41: 49 55 61 44 50 51
39x42: 43 41 43 46 35 44
38x37: 37 40 35 30 40 36
48x48: 60 56 55 64 68 51
49x39: 35 43 31 23 42 33
44x42: 35 34 60 37 62 51
43x50: 36 37 32 36 45 38
37x42: 28 48 44 34 52 34
41x50: 64 59 52 51 54 39
39x42: 46 42 33 37 44 51
42x41: 48 38 38 49 52 39
46x46: 55 54 53 56 53 55
38x37: 28 14 28 27 24 22
37x49: 41 45 49 47 56 40
37x37: 25 26 21 20 34 17
35x48: 45 47 48 37 42 41
36x38: 42 36 33 37 36 28
45x40: 30 37 31 32 34 30
47x49: 60 60 78 43 60 54
35x47: 26 19 24 25 32 39
38x47: 57 51 38 55 41 36
46x36: 30 40 30 27 23 30
50x39: 28 36 36 40 47 21
43x35: 25 30 26 19 29 24
50x46: 45 59 69 53 60 66
43x42: 50 58 42 49 47 36
44x41: 35 29 34 27 28 29
35x41: 39 42 30 37 41 34
41x37: 44 38 42 35 39 36
40x36: 31 23 32 49 35 47
49x48: 39 45 52 40 31 48
41x37: 27 25 38 22 22 22
46x44: 47 76 39 41 56 59
50x46: 48 54 61 54 78 56
43x41: 35 41 52 50 40 51
36x41: 29 24 27 31 25 20
48x37: 47 60 47 47 37 40
38x43: 25 35 26 26 28 27
40x46: 30 45 28 33 32 27
41x35: 40 25 30 40 46 37
42x40: 50 48 46 31 47 39
37x39: 35 41 47 34 35 31
50x50: 50 34 53 40 36 42
41x38: 32 48 34 45 42 40
39x40: 29 26 27 31 24 32
50x43: 72 47 48 44 50 70
38x42: 44 40 30 37 60 35
37x35: 22 20 14 23 33 20
45x45: 43 54 52 53 49 60
50x43: 46 63 58 52 59 54
44x44: 44 28 32 21 29 41
38x42: 31 27 34 18 30 28
45x43: 54 37 56 52 31 65
40x44: 41 47 37 56 38 52
38x43: 43 42 36 38 53 40
40x35: 15 29 27 21 19 32
41x47: 51 42 56 52 47 47
47x40: 47 37 42 47 49 64
47x47: 45 30 37 43 33 36
48x37: 51 38 45 56 39 43
40x35: 28 19 28 18 28 22
47x40: 57 46 42 51 39 55
35x39: 37 33 38 40 34 28
47x49: 62 63 69 60 55 47
45x35: 35 24 33 18 29 25
46x35: 31 29 20 32 27 25
40x50: 56 52 59 43 40 59
38x50: 57 43 50 44 38 60
38x38: 21 31 33 18 21 19
48x41: 59 49 45 55 47 49
41x39: 37 32 52 49 39 34
37x49: 32 24 33 36 33 34
50x47: 77 52 64 56 48 65
42x49: 38 37 32 35 34 47
42x36: 48 45 36 41 37 29
37x38: 44 33 39 40 26 35
43x49: 55 55 51 58 51 55
48x50: 49 37 44 42 35 49
50x49: 65 75 59 56 67 59
39x44: 36 50 45 49 32 53
43x45: 53 62 48 47 44 48
46x36: 25 30 34 30 34 26
49x47: 34 45 31 50 40 39
42x43: 37 32 32 36 28 31
40x49: 40 40 39 27 30 31
48x46: 51 59 67 62 57 44
43x36: 30 28 20 35 29 25
42x47: 39 53 55 44 52 60
41x47: 35 31 41 31 30 27
38x38: 32 17 20 35 15 25
50x39: 47 43 49 42 60 57
38x41: 36 45 37 47 37 39
46x46: 47 28 38 35 37 40
35x39: 34 35 29 36 37 39
36x38: 32 37 33 38 47 24
42x39: 36 25 44 21 26 30
40x48: 31 34 37 31 34 41
42x41: 28 30 31 26 34 33
46x46: 32 29 54 40 39 30
44x44: 34 35 31 39 31 26
47x36: 56 45 49 35 37 41
48x47: 52 49 60 62 60 61
50x40: 54 53 39 49 48 66
37x40: 31 30 22 21 24 27
42x38: 40 32 32 50 44 45
35x50: 46 36 49 38 45 53
44x43: 53 52 46 52 41 49
41x49: 32 27 45 33 39 32
35x44: 32 39 26 36 54 49
47x40: 28 46 37 24 36 23
50x36: 43 50 46 39 53 47
48x39: 52 48 55 47 39 48
39x40: 47 35 38 49 32 39
36x48: 43 51 39 38 55 42
36x43: 30 47 42 44 33 43
38x41: 28 25 34 24 20 24
38x44: 51 34 41 40 45 45
36x40: 39 30 30 42 39 40
47x41: 28 32 33 32 31 39
36x45: 41 37 44 39 35 52
49x49: 64 58 48 70 60 69
50x44: 59 63 50 45 70 54
35x45: 37 47 41 37 47 35
40x43: 26 33 26 31 34 32
39x44: 53 49 51 32 47 35
43x35: 33 35 44 35 38 45
42x41: 43 44 40 47 49 42
48x46: 44 45 58 60 68 60
36x40: 38 40 31 45 37 32
43x47: 36 32 31 48 29 33
42x50: 22 44 45 33 35 44
43x41: 21 36 30 26 31 37
45x43: 40 37 54 56 43 63
36x37: 28 27 22 16 28 23
48x35: 56 45 34 33 53 40
43x44: 31 21 27 35 38 43
36x45: 38 42 35 43 42 49
35x47: 27 24 20 29 37 27
46x37: 34 31 27 26 23 38
44x41: 55 50 36 48 48 43
35x35: 34 45 27 30 30 27
39x47: 33 50 46 62 46 44
41x35: 40 39 31 46 39 27
50x44: 37 43 21 37 52 33
39x46: 33 51 51 47 49 45
43x45: 48 40 52 48 55 52
47x48: 60 55 60 51 65 56
38x41: 30 23 18 28 29 28
39x43: 33 32 35 23 41 18
35x38: 38 32 29 38 39 29
41x43: 26 29 24 35 37 30
46x46: 39 46 29 37 32 42
36x36: 29 26 26 37 43 36
38x44: 25 35 34 25 20 28
41x37: 22 28 26 23 33 23
44x38: 34 35 46 46 47 46
39x50: 49 43 54 53 45 54
42x42: 23 38 47 26 21 40
45x46: 42 36 38 38 39 32
35x45: 20 24 26 26 37 31
38x45: 51 42 52 48 37 34
46x38: 22 35 40 32 25 26
44x44: 39 27 31 35 31 32
50x37: 35 45 30 32 26 23
35x37: 31 32 30 38 41 27
48x35: 37 51 33 47 53 39
50x42: 65 44 51 46 55 61
36x44: 27 34 27 26 30 23
35x46: 48 41 46 33 37 44
40x44: 29 34 23 34 29 33
44x38: 48 38 47 44 39 41
50x42: 50 65 66 50 46 49
49x44: 63 52 47 51 76 43
47x42: 48 62 49 49 49 50
38x47: 35 27 32 28 34 24
41x42: 50 37 50 46 34 47
42x38: 24 28 27 29 36 24
41x47: 31 31 32 33 35 33
38x36: 32 27 22 23 14 26
40x46: 37 38 30 22 35 32
39x41: 45 48 45 37 33 41
41x41: 47 41 47 38 40 46
38x47: 41 45 47 53 41 47
38x40: 39 35 40 43 38 38
45x36: 44 39 41 52 34 39
38x46: 35 28 35 22 24 35
48x48: 51 57 58 67 63 57
39x47: 38 29 28 39 32 29
38x37: 28 38 43 37 31 39
42x36: 30 15 33 28 29 32
36x44: 28 22 27 30 28 33
47x39: 38 31 39 27 22 37
36x35: 20 25 17 20 25 24
49x49: 40 42 42 41 40 51
36x49: 35 55 40 42 48 53
39x39: 31 23 31 29 29 25
36x46: 46 27 46 47 44 41
38x47: 49 54 41 48 45 41
38x40: 27 20 27 34 24 23
42x47: 36 38 30 41 31 33
36x48: 37 54 44 42 44 47
47x49: 50 45 34 29 42 39
35x45: 32 31 27 30 23 22
47x41: 38 59 48 48 47 58
48x41: 42 34 23 45 35 29
44x41: 44 48 55 48 47 36
45x50: 57 63 52 58 60 58
47x43: 52 61 50 58 48 45
48x42: 54 35 57 52 50 58
35x47: 32 36 53 39 41 49
43x47: 35 32 39 36 36 32
41x37: 21 29 23 23 25 34
42x44: 42 48 47 57 47 43
39x37: 25 30 29 24 27 21
48x41: 61 48 44 49 50 52
38x35: 35 30 34 44 36 25
35x39: 34 27 35 43 39 30
35x50: 46 53 36 45 52 40
49x46: 55 52 55 62 65 56
46x39: 34 30 20 43 36 32
44x49: 51 50 67 54 48 60
50x49: 39 48 39 46 45 38
50x44: 30 38 47 35 31 43
41x41: 34 44 48 37 53 42
38x43: 33 44 51 41 44 38
43x48: 61 56 40 53 50 60
38x47: 45 42 43 56 53 35
47x43: 34 34 29 40 37 35
40x50: 39 22 50 32 36 28
35x46: 22 26 32 22 36 27
40x48: 38 53 42 61 54 47
49x41: 55 45 51 47 58 52
45x48: 61 57 55 55 51 55
36x41: 22 29 31 24 25 25
39x43: 35 56 36 42 40 52
49x41: 58 44 58 50 47 51
48x39: 45 55 52 44 53 41
47x35: 41 48 42 33 40 51
47x37: 45 48 39 37 42 58
50x47: 33 44 44 39 44 35
37x49: 44 43 43 49 54 45
39x43: 22 34 29 41 30 25
41x41: 37 39 49 47 45 40
36x40: 23 28 26 29 22 27
37x50: 49 57 39 47 51 45
40x47: 49 39 51 51 44 53
43x36: 46 35 37 43 39 38
40x43: 31 48 44 42 53 46
37x40: 23 38 46 37 38 44
45x41: 31 29 36 33 35 31
49x37: 47 45 50 37 45 55
42x46: 48 42 58 56 45 46
40x37: 46 34 42 38 39 29
40x39: 48 42 46 32 40 34
47x39: 33 35 36 28 31 32
37x46: 44 43 40 40 47 48
48x50: 60 71 55 65 64 57
47x44: 53 55 48 63 62 38
44x39: 36 25 26 28 32 35
46x48: 57 71 48 61 56 51
36x36: 22 32 24 19 24 23
39x39: 46 35 36 38 39 40
48x43: 47 57 53 53 52 56
44x37: 40 33 46 44 49 36
46x44: 40 40 29 38 25 37
37x50: 49 40 48 46 51 49
39x35: 20 24 25 29 19 25
47x37: 39 51 38 40 49 52
41x44: 43 49 44 51 49 42
35x43: 17 26 19 32 29 31
49x43: 44 32 53 29 39 26
40x37: 37 35 43 40 30 42
45x45: 31 35 39 37 40 43
43x46: 30 37 37 32 35 39
36x46: 30 33 24 36 22 34
39x46: 37 25 33 31 33 35
39x48: 53 51 47 39 52 48
44x42: 30 31 47 22 29 37
41x39: 32 27 40 21 23 26
43x46: 46 55 52 53 51 48
48x50: 47 49 44 38 32 46
49x49: 69 70 63 65 51 55
39x47: 46 43 49 48 51 44
43x48: 53 57 54 44 65 46
35x42: 26 28 32 22 21 25
47x38: 39 42 58 42 47 45
39x38: 34 49 36 33 33 46
37x39: 39 39 39 24 49 33
48x46: 57 64 59 46 56 60
39x41: 39 37 45 44 37 43
49x37: 43 58 42 53 41 45
37x35: 26 22 17 27 16 23
47x49: 41 35 40 41 51 32
36x43: 18 30 32 28 22 37
44x49: 62 52 60 61 49 48
36x43: 41 34 43 39 40 40
50x45: 64 53 55 68 52 54
37x45: 42 48 47 37 47 37
36x43: 22 25 37 27 25 32
43x43: 50 47 47 47 45 49
43x42: 32 36 23 34 38 33
46x47: 59 50 45 66 61 51
48x45: 40 43 40 32 51 34
38x42: 41 38 43 36 45 42
49x45: 34 45 40 45 44 31
36x49: 31 46 26 30 40 19
36x47: 41 50 36 44 55 36
48x47: 39 40 38 42 38 43
49x50: 65 65 55 60 71 62
49x42: 48 55 59 49 51 55
50x46: 50 80 61 61 49 58
36x47: 49 46 43 46 35 43
41x45: 39 55 49 49 54 39
41x43: 30 31 26 38 30 26
38x44: 49 42 37 44 53 33
45x44: 41 52 51 52 54 54
47x42: 32 29 35 44 30 40
50x46: 39 39 36 47 42 36
48x41: 47 56 51 53 49 48
43x36: 25 33 27 19 26 37
47x43: 52 58 54 42 52 55
36x35: 32 35 29 28 39 32
38x41: 27 31 24 22 24 28
41x49: 36 33 36 29 47 26
39x49: 37 37 40 27 39 27
49x48: 54 66 59 74 53 57
42x50: 56 48 57 50 51 60
37x43: 33 32 20 27 26 30
46x44: 52 42 59 44 63 49
44x45: 45 25 32 34 33 41
47x50: 74 51 56 66 62 52
39x49: 56 45 48 46 48 51
46x45: 57 70 47 41 53 56
38x43: 38 38 43 42 35 54
36x38: 30 38 30 38 35 40
39x50: 55 60 56 39 48 46
35x46: 31 23 27 30 29 25
44x49: 61 73 57 50 42 55
40x36: 47 43 34 25 43 33
40x38: 42 33 51 34 45 28
42x50: 56 51 53 52 46 65
44x44: 30 36 29 34 32 35
45x45: 42 37 36 38 32 40
41x41: 40 48 40 40 46 46
39x48: 34 33 31 33 37 40
37x45: 46 40 40 29 51 50
43x36: 46 42 39 35 34 44
39x49: 42 45 46 56 54 49
43x39: 45 41 44 45 43 40
39x45: 45 37 50 53 37 46
38x44: 26 26 29 22 34 30
41x35: 23 23 22 30 24 20
48x50: 72 54 57 61 67 58
40x39: 47 43 33 36 46 37
43x44: 56 50 40 54 53 40
50x47: 40 44 43 44 36 33
50x49: 72 71 70 59 53 56
41x43: 46 43 47 54 44 37
39x35: 45 29 26 38 36 36
41x45: 30 33 34 40 30 28
35x44: 22 24 30 25 37 16
46x43: 48 61 51 54 50 43
42x42: 40 39 46 49 56 39
37x49: 34 32 32 36 31 27
42x35: 30 44 39 39 33 42
37x48: 46 26 31 32 22 34
50x43: 33 42 41 33 40 35
41x36: 44 30 40 33 37 42
42x44: 37 29 30 24 36 39
40x49: 28 46 33 31 35 35
49x50: 47 38 36 43 43 49
46x40: 51 41 44 50 48 48
47x38: 59 50 42 46 43 38
38x46: 57 38 47 44 39 44
38x50: 47 55 48 42 46 56
43x43: 42 54 46 48 51 45
41x40: 37 18 24 31 32 26
48x47: 41 52 34 38 27 47
39x35: 34 21 32 38 42 39
44x39: 29 32 38 33 21 28
35x36: 28 30 35 32 33 35
48x43: 59 68 42 44 53 57
41x40: 27 30 31 24 27 29
40x35: 30 25 24 20 22 21
44x41: 43 55 47 48 42 45
50x36: 40 41 55 55 43 41
35x43: 23 44 44 37 46 37
36x37: 34 48 36 28 35 28
49x50: 67 49 65 64 71 58
50x44: 42 35 38 30 37 42
46x40: 59 36 47 40 44 56
39x48: 26 38 37 41 35 30
49x37: 31 29 33 34 33 31
46x45: 38 28 39 39 39 41
35x43: 28 26 23 23 29 25
40x50: 35 29 40 27 46 30
39x47: 57 37 42 42 51 52
39x35: 33 19 30 18 23 20
50x35: 18 32 32 32 27 34
37x35: 34 34 41 27 38 26
50x45: 40 39 43 48 40 30
44x47: 48 26 30 33 36 36
48x35: 26 49 42 58 36 47
44x38: 24 24 24 31 31 34
44x42: 26 41 21 33 32 43
35x45: 23 24 33 26 32 27
39x46: 35 50 61 42 49 39
38x50: 54 55 45 40 50 51
46x42: 31 40 45 41 26 26
43x36: 37 46 37 35 48 37
48x36: 30 26 39 32 37 28
46x45: 32 40 38 39 39 37
43x37: 38 39 45 34 39 49
35x38: 40 35 43 24 29 35
38x50: 51 46 51 43 48 53
36x48: 37 30 27 31 35 31
39x50: 58 49 47 52 48 47
36x46: 25 31 28 26 32 38
39x46: 53 45 55 41 52 31
43x40: 30 38 26 35 25 28
35x42: 41 35 37 24 49 40
47x48: 66 52 63 61 56 49
44x49: 34 35 38 34 45 38
45x46: 52 36 38 32 27 40
39x39: 49 26 48 42 35 32
35x37: 23 18 22 28 17 23
44x48: 38 33 32 40 40 40
36x49: 32 27 35 36 25 36
46x36: 35 35 26 38 26 19
35x40: 39 29 34 35 41 36
46x39: 44 50 47 48 37 51
47x42: 36 27 37 35 32 42
42x42: 26 33 28 32 45 31
45x43: 66 41 33 57 54 47
44x39: 54 34 33 45 56 41
49x48: 58 57 55 63 60 68
45x39: 34 50 49 41 42 54
35x36: 18 20 21 21 27 25
49x47: 38 32 39 50 49 31
44x42: 33 30 39 37 25 31
48x49: 65 71 54 72 59 45
41x36: 31 26 39 46 45 36
42x38: 30 29 29 34 24 22
37x39: 41 34 35 38 37 37
40x40: 47 37 39 38 44 41
38x50: 26 30 31 39 35 30
39x35: 36 34 38 40 28 34
40x37: 27 30 22 26 26 24
47x36: 46 57 46 42 35 39
38x38: 46 38 39 34 37 30
37x41: 39 43 37 42 30 44
39x38: 28 25 28 25 29 21
38x43: 36 29 16 32 33 21
37x47: 37 32 51 47 47 49
37x41: 39 50 33 40 43 32
47x47: 43 39 41 31 33 38
38x37: 27 26 18 25 26 22
45x47: 51 50 59 61 60 43
47x38: 50 47 45 46 43 45
47x48: 40 41 44 46 35 33
48x40: 33 25 30 37 33 49
43x35: 43 30 34 42 38 43
35x37: 27 22 25 23 16 19
40x42: 46 39 42 50 37 44
45x43: 29 32 37 43 35 33
47x49: 48 69 52 62 61 64
42x49: 36 34 32 38 43 41
38x45: 30 29 36 32 30 22
37x50: 32 36 28 36 33 27
44x50: 38 47 41 35 32 30
49x41: 41 33 27 42 32 33
36x44: 45 53 38 42 40 30
42x42: 34 33 28 38 38 24
39x38: 28 35 36 35 53 39
37x50: 48 47 47 53 41 49
36x44: 22 32 30 30 30 24
46x40: 50 51 44 54 38 48
47x38: 34 22 25 29 33 36
50x39: 42 53 51 44 52 58
44x44: 29 33 34 30 32 37
41x46: 43 33 28 29 35 27
42x44: 33 25 30 46 34 28
40x50: 49 60 56 45 54 46
44x37: 28 25 21 30 24 39
36x41: 21 26 36 17 32 23
45x42: 37 32 34 28 45 34
50x40: 41 39 32 29 30 36
47x46: 53 57 61 45 66 51
48x35: 32 53 41 54 40 40
40x41: 48 37 46 47 34 40
50x35: 41 22 37 24 25 26
45x45: 43 34 45 23 35 44
48x38: 33 30 29 45 26 29
42x49: 50 40 63 58 53 49
39x45: 41 43 44 42 50 49
35x49: 32 25 32 31 26 30
42x39: 47 39 43 43 30 50
46x41: 52 56 45 52 40 48
39x42: 42 27 46 43 28 62
49x39: 38 42 30 40 39 19
39x49: 35 38 28 42 33 32
37x45: 54 46 46 37 40 36
48x43: 42 33 44 30 34 40
46x37: 45 53 55 38 34 40
37x36: 21 23 18 35 24 23
39x41: 43 42 41 40 30 51
47x38: 43 51 48 40 51 43
42x40: 28 27 27 35 27 37
40x49: 35 24 43 38 39 28
40x44: 52 41 52 53 37 36
38x49: 35 26 28 27 35 40
47x35: 48 42 48 39 37 40
50x35: 27 38 22 23 33 32
39x41: 19 30 25 36 27 31
44x39: 36 36 42 41 51 55
38x40: 18 40 18 22 27 30
45x47: 33 36 30 45 37 43
38x50: 53 45 49 54 46 45
35x50: 26 38 24 30 26 32
50x39: 41 29 37 31 25 45
44x42: 38 35 35 30 31 27
35x44: 27 25 30 26 28 18
45x46: 50 52 58 52 59 47
48x36: 46 50 41 52 36 43
39x38: 28 42 39 37 38 44
43x36: 41 45 37 43 34 40
40x36: 31 44 38 39 27 44
42x35: 23 18 27 37 28 20
45x44: 30 38 42 39 27 33
44x45: 42 30 35 29 35 38
46x43: 26 31 39 39 33 42
45x45: 41 62 55 59 49 47
43x35: 41 38 25 45 46 37
42x37: 26 34 25 27 30 26
50x43: 59 60 60 51 50 53
43x37: 49 43 41 38 36 40
46x35: 27 23 32 29 31 23
36x47: 36 38 47 41 45 51
36x41: 16 31 26 33 20 29
48x46: 51 49 55 61 64 57
42x47: 62 56 59 46 38 46
41x41: 32 45 44 44 47 46
38x50: 34 35 26 29 39 29
41x46: 33 40 34 25 29 34
37x43: 44 32 42 38 37 50
40x36: 29 25 26 24 30 21
35x46: 37 44 36 47 44 40
35x47: 24 27 25 22 34 33
45x38: 39 45 37 48 43 51
37x44: 53 40 39 36 47 37
43x42: 45 53 50 41 39 52
46x48: 61 68 61 48 52 54
50x49: 46 74 65 61 66 66
44x43: 50 40 50 55 56 38
41x37: 39 30 37 45 36 44
48x44: 62 50 61 62 49 41
48x48: 76 41 49 71 58 57
45x44: 55 46 55 47 43 58
41x39: 47 44 41 27 51 38
48x46: 68 48 43 50 64 66
50x35: 26 33 30 23 34 30
45x39: 36 30 31 35 38 25
48x46: 40 46 34 41 37 42
49x50: 61 70 66 50 64 68
37x40: 31 49 42 37 36 35
35x40: 28 29 16 22 22 26
38x47: 28 28 31 36 24 32
49x49: 61 63 65 54 52 75
38x38: 38 31 37 40 37 38
38x37: 19 24 17 28 26 30
37x37: 42 32 35 33 35 34
39x37: 37 23 22 27 25 22